,Time,Type,Zone1,Zone2,Zone3
0,1,Tuna,0.0,0.0,0.0
1,1,Salmon,3.0,-3.0,0.0
2,1,Clown,0.0,0.0,0.0
3,2,Tuna,0.0,0.0,0.0
4,2,Salmon,0.0,0.0,0.0
5,2,Clown,0.0,0.0,0.0
6,3,Tuna,0.0,0.0,0.0
7,3,Salmon,-1.0,1.0,0.0
8,3,Clown,0.0,0.0,0.0
9,4,Tuna,0.0,0.0,0.0
10,4,Salmon,-1.0,1.0,0.0
11,4,Clown,0.0,0.0,0.0
12,5,Tuna,0.0,-1.0,1.0
13,5,Salmon,0.0,-1.0,1.0
14,5,Clown,0.0,0.0,0.0
15,6,Tuna,0.0,0.0,0.0
16,6,Salmon,-1.0,2.0,-1.0
17,6,Clown,0.0,0.0,0.0
18,7,Tuna,0.0,0.0,0.0
19,7,Salmon,0.0,0.0,0.0
20,7,Clown,0.0,1.0,-1.0
21,8,Tuna,0.0,0.0,0.0
22,8,Salmon,0.0,0.0,0.0
23,8,Clown,0.0,0.0,0.0
24,9,Tuna,0.0,0.0,0.0
25,9,Salmon,0.0,0.0,0.0
26,9,Clown,0.0,0.0,0.0
27,10,Tuna,0.0,0.0,0.0
28,10,Salmon,0.0,0.0,0.0
29,10,Clown,0.0,0.0,0.0
30,11,Tuna,0.0,0.0,0.0
31,11,Salmon,0.0,0.0,0.0
32,11,Clown,0.0,0.0,0.0
33,12,Tuna,0.0,0.0,0.0
34,12,Salmon,-1.0,1.0,0.0
35,12,Clown,0.0,0.0,0.0
36,13,Tuna,-1.0,1.0,0.0
37,13,Salmon,0.0,0.0,0.0
38,13,Clown,0.0,0.0,0.0
39,14,Tuna,0.0,0.0,0.0
40,14,Salmon,-1.0,1.0,0.0
41,14,Clown,0.0,0.0,0.0
42,15,Tuna,0.0,0.0,0.0
43,15,Salmon,0.0,0.0,0.0
44,15,Clown,0.0,0.0,0.0
45,16,Tuna,0.0,0.0,0.0
46,16,Salmon,0.0,0.0,0.0
47,16,Clown,0.0,0.0,0.0
48,17,Tuna,0.0,0.0,0.0
49,17,Salmon,0.0,0.0,0.0
50,17,Clown,0.0,0.0,0.0
51,18,Tuna,0.0,0.0,0.0
52,18,Salmon,0.0,0.0,0.0
53,18,Clown,0.0,0.0,0.0
54,19,Tuna,0.0,0.0,0.0
55,19,Salmon,0.0,1.0,-1.0
56,19,Clown,1.0,-1.0,0.0
57,20,Tuna,-1.0,1.0,0.0
58,20,Salmon,0.0,0.0,0.0
59,20,Clown,0.0,0.0,0.0
60,21,Tuna,0.0,0.0,0.0
61,21,Salmon,0.0,0.0,0.0
62,21,Clown,1.0,-1.0,0.0
63,22,Tuna,0.0,0.0,0.0
64,22,Salmon,0.0,0.0,0.0
65,22,Clown,0.0,0.0,0.0
66,23,Tuna,0.0,0.0,0.0
67,23,Salmon,1.0,-1.0,0.0
68,23,Clown,0.0,0.0,0.0
69,24,Tuna,0.0,0.0,0.0
70,24,Salmon,0.0,-1.0,1.0
71,24,Clown,0.0,0.0,0.0
72,25,Tuna,0.0,0.0,0.0
73,25,Salmon,0.0,0.0,0.0
74,25,Clown,0.0,0.0,0.0
75,26,Tuna,0.0,0.0,0.0
76,26,Salmon,0.0,0.0,0.0
77,26,Clown,0.0,0.0,0.0
78,27,Tuna,1.0,-1.0,0.0
79,27,Salmon,0.0,-1.0,1.0
80,27,Clown,-1.0,1.0,0.0
81,28,Tuna,-1.0,1.0,0.0
82,28,Salmon,0.0,0.0,0.0
83,28,Clown,0.0,0.0,0.0
84,29,Tuna,0.0,0.0,0.0
85,29,Salmon,0.0,0.0,0.0
86,29,Clown,0.0,0.0,0.0
87,30,Tuna,0.0,0.0,0.0
88,30,Salmon,0.0,0.0,0.0
89,30,Clown,-1.0,1.0,0.0
90,31,Tuna,0.0,0.0,0.0
91,31,Salmon,0.0,0.0,0.0
92,31,Clown,0.0,0.0,0.0
93,32,Tuna,0.0,0.0,0.0
94,32,Salmon,0.0,1.0,-1.0
95,32,Clown,0.0,0.0,0.0
96,33,Tuna,0.0,0.0,0.0
97,33,Salmon,0.0,0.0,0.0
98,33,Clown,0.0,0.0,0.0
99,34,Tuna,0.0,0.0,0.0
100,34,Salmon,0.0,0.0,0.0
101,34,Clown,-1.0,1.0,0.0
102,35,Tuna,0.0,0.0,0.0
103,35,Salmon,-1.0,0.0,1.0
104,35,Clown,0.0,0.0,0.0
105,36,Tuna,0.0,0.0,0.0
106,36,Salmon,0.0,-1.0,1.0
107,36,Clown,0.0,0.0,0.0
108,37,Tuna,0.0,-1.0,1.0
109,37,Salmon,0.0,0.0,0.0
110,37,Clown,0.0,0.0,0.0
111,38,Tuna,1.0,-1.0,0.0
112,38,Salmon,0.0,0.0,0.0
113,38,Clown,-1.0,1.0,0.0
114,39,Tuna,0.0,-1.0,1.0
115,39,Salmon,1.0,-1.0,0.0
116,39,Clown,0.0,0.0,0.0
117,40,Tuna,0.0,0.0,0.0
118,40,Salmon,0.0,0.0,0.0
119,40,Clown,1.0,-1.0,0.0
120,41,Tuna,1.0,-1.0,0.0
121,41,Salmon,0.0,-1.0,1.0
122,41,Clown,0.0,0.0,0.0
123,42,Tuna,0.0,0.0,0.0
124,42,Salmon,0.0,0.0,0.0
125,42,Clown,0.0,0.0,0.0
126,43,Tuna,0.0,0.0,0.0
127,43,Salmon,-1.0,0.0,1.0
128,43,Clown,0.0,0.0,0.0
129,44,Tuna,1.0,-1.0,0.0
130,44,Salmon,0.0,0.0,0.0
131,44,Clown,0.0,0.0,0.0
132,45,Tuna,0.0,0.0,0.0
133,45,Salmon,1.0,-1.0,0.0
134,45,Clown,0.0,0.0,0.0
135,46,Tuna,0.0,0.0,0.0
136,46,Salmon,1.0,0.0,-1.0
137,46,Clown,0.0,0.0,0.0
138,47,Tuna,0.0,0.0,0.0
139,47,Salmon,0.0,0.0,0.0
140,47,Clown,1.0,-1.0,0.0
141,48,Tuna,1.0,-1.0,0.0
142,48,Salmon,0.0,0.0,0.0
143,48,Clown,1.0,-1.0,0.0
144,49,Tuna,0.0,-1.0,1.0
145,49,Salmon,0.0,0.0,0.0
146,49,Clown,0.0,0.0,0.0
147,50,Tuna,1.0,-1.0,0.0
148,50,Salmon,0.0,1.0,-1.0
149,50,Clown,-1.0,1.0,0.0
150,51,Tuna,0.0,0.0,0.0
151,51,Salmon,-1.0,0.0,1.0
152,51,Clown,1.0,-1.0,0.0
153,52,Tuna,0.0,0.0,0.0
154,52,Salmon,0.0,0.0,0.0
155,52,Clown,0.0,0.0,0.0
156,53,Tuna,0.0,0.0,0.0
157,53,Salmon,-1.0,1.0,0.0
158,53,Clown,0.0,0.0,0.0
159,54,Tuna,0.0,-1.0,1.0
160,54,Salmon,1.0,0.0,-1.0
161,54,Clown,0.0,0.0,0.0
162,55,Tuna,0.0,1.0,-1.0
163,55,Salmon,1.0,-1.0,0.0
164,55,Clown,0.0,0.0,0.0
165,56,Tuna,0.0,0.0,0.0
166,56,Salmon,0.0,0.0,0.0
167,56,Clown,0.0,0.0,0.0
168,57,Tuna,0.0,0.0,0.0
169,57,Salmon,0.0,-1.0,1.0
170,57,Clown,0.0,0.0,0.0
171,58,Tuna,0.0,0.0,0.0
172,58,Salmon,0.0,-1.0,1.0
173,58,Clown,0.0,0.0,0.0
174,59,Tuna,0.0,0.0,0.0
175,59,Salmon,0.0,-1.0,1.0
176,59,Clown,0.0,0.0,0.0
177,60,Tuna,0.0,0.0,0.0
178,60,Salmon,0.0,0.0,0.0
179,60,Clown,0.0,0.0,0.0
180,61,Tuna,-1.0,1.0,0.0
181,61,Salmon,0.0,0.0,0.0
182,61,Clown,0.0,0.0,0.0
183,62,Tuna,0.0,1.0,-1.0
184,62,Salmon,0.0,0.0,0.0
185,62,Clown,0.0,-1.0,1.0
186,63,Tuna,0.0,0.0,0.0
187,63,Salmon,-1.0,0.0,1.0
188,63,Clown,0.0,0.0,0.0
189,64,Tuna,0.0,0.0,0.0
190,64,Salmon,3.0,-4.0,1.0
191,64,Clown,0.0,0.0,0.0
192,65,Tuna,0.0,0.0,0.0
193,65,Salmon,0.0,0.0,0.0
194,65,Clown,-1.0,1.0,0.0
195,66,Tuna,0.0,0.0,0.0
196,66,Salmon,1.0,-1.0,0.0
197,66,Clown,0.0,0.0,0.0
198,67,Tuna,0.0,0.0,0.0
199,67,Salmon,0.0,0.0,0.0
200,67,Clown,0.0,0.0,0.0
201,68,Tuna,0.0,-1.0,1.0
202,68,Salmon,-1.0,2.0,-1.0
203,68,Clown,0.0,0.0,0.0
204,69,Tuna,0.0,-1.0,1.0
205,69,Salmon,1.0,-2.0,1.0
206,69,Clown,0.0,0.0,0.0
207,70,Tuna,0.0,0.0,0.0
208,70,Salmon,0.0,0.0,0.0
209,70,Clown,0.0,0.0,0.0
210,71,Tuna,0.0,0.0,0.0
211,71,Salmon,0.0,0.0,0.0
212,71,Clown,0.0,0.0,0.0
213,72,Tuna,0.0,0.0,0.0
214,72,Salmon,1.0,-1.0,0.0
215,72,Clown,0.0,0.0,0.0
216,73,Tuna,0.0,0.0,0.0
217,73,Salmon,0.0,1.0,-1.0
218,73,Clown,0.0,0.0,0.0
219,74,Tuna,0.0,0.0,0.0
220,74,Salmon,0.0,0.0,0.0
221,74,Clown,0.0,0.0,0.0
222,75,Tuna,0.0,0.0,0.0
223,75,Salmon,0.0,0.0,0.0
224,75,Clown,0.0,0.0,0.0
225,76,Tuna,0.0,0.0,0.0
226,76,Salmon,0.0,0.0,0.0
227,76,Clown,0.0,0.0,0.0
228,77,Tuna,0.0,0.0,0.0
229,77,Salmon,1.0,-1.0,0.0
230,77,Clown,0.0,0.0,0.0
231,78,Tuna,0.0,0.0,0.0
232,78,Salmon,0.0,0.0,0.0
233,78,Clown,0.0,-1.0,1.0
234,79,Tuna,0.0,0.0,0.0
235,79,Salmon,1.0,-1.0,0.0
236,79,Clown,0.0,0.0,0.0
237,80,Tuna,0.0,0.0,0.0
238,80,Salmon,-1.0,1.0,0.0
239,80,Clown,0.0,0.0,0.0
240,81,Tuna,0.0,-1.0,1.0
241,81,Salmon,0.0,0.0,0.0
242,81,Clown,0.0,0.0,0.0
243,82,Tuna,0.0,0.0,0.0
244,82,Salmon,0.0,0.0,0.0
245,82,Clown,0.0,0.0,0.0
246,83,Tuna,0.0,0.0,0.0
247,83,Salmon,-1.0,1.0,0.0
248,83,Clown,0.0,0.0,0.0
249,84,Tuna,1.0,0.0,-1.0
250,84,Salmon,1.0,-1.0,0.0
251,84,Clown,0.0,0.0,0.0
252,85,Tuna,0.0,0.0,0.0
253,85,Salmon,1.0,0.0,-1.0
254,85,Clown,0.0,0.0,0.0
255,86,Tuna,0.0,0.0,0.0
256,86,Salmon,0.0,0.0,0.0
257,86,Clown,0.0,0.0,0.0
258,87,Tuna,0.0,0.0,0.0
259,87,Salmon,2.0,-2.0,0.0
260,87,Clown,0.0,0.0,0.0
261,88,Tuna,0.0,0.0,0.0
262,88,Salmon,0.0,0.0,0.0
263,88,Clown,0.0,0.0,0.0
264,89,Tuna,0.0,0.0,0.0
265,89,Salmon,0.0,0.0,0.0
266,89,Clown,0.0,0.0,0.0
267,90,Tuna,0.0,0.0,0.0
268,90,Salmon,1.0,-1.0,0.0
269,90,Clown,0.0,0.0,0.0
270,91,Tuna,0.0,0.0,0.0
271,91,Salmon,0.0,0.0,0.0
272,91,Clown,0.0,1.0,-1.0
273,92,Tuna,0.0,0.0,0.0
274,92,Salmon,-1.0,1.0,0.0
275,92,Clown,0.0,0.0,0.0
276,93,Tuna,0.0,0.0,0.0
277,93,Salmon,-1.0,1.0,0.0
278,93,Clown,0.0,0.0,0.0
279,94,Tuna,0.0,0.0,0.0
280,94,Salmon,1.0,-1.0,0.0
281,94,Clown,1.0,-1.0,0.0
282,95,Tuna,0.0,0.0,0.0
283,95,Salmon,0.0,-1.0,1.0
284,95,Clown,0.0,0.0,0.0
285,96,Tuna,-1.0,1.0,0.0
286,96,Salmon,0.0,0.0,0.0
287,96,Clown,0.0,0.0,0.0
288,97,Tuna,0.0,0.0,0.0
289,97,Salmon,-1.0,1.0,0.0
290,97,Clown,0.0,0.0,0.0
291,98,Tuna,0.0,0.0,0.0
292,98,Salmon,0.0,1.0,-1.0
293,98,Clown,2.0,-2.0,0.0
294,99,Tuna,0.0,1.0,-1.0
295,99,Salmon,-1.0,1.0,0.0
296,99,Clown,0.0,0.0,0.0
297,100,Tuna,0.0,0.0,0.0
298,100,Salmon,0.0,-1.0,1.0
299,100,Clown,0.0,0.0,0.0
300,101,Tuna,0.0,0.0,0.0
301,101,Salmon,0.0,0.0,0.0
302,101,Clown,0.0,0.0,0.0
303,102,Tuna,0.0,0.0,0.0
304,102,Salmon,0.0,-2.0,2.0
305,102,Clown,0.0,0.0,0.0
306,103,Tuna,0.0,0.0,0.0
307,103,Salmon,0.0,0.0,0.0
308,103,Clown,0.0,0.0,0.0
309,104,Tuna,0.0,0.0,0.0
310,104,Salmon,0.0,0.0,0.0
311,104,Clown,-1.0,1.0,0.0
312,105,Tuna,0.0,0.0,0.0
313,105,Salmon,1.0,-1.0,0.0
314,105,Clown,0.0,0.0,0.0
315,106,Tuna,0.0,0.0,0.0
316,106,Salmon,0.0,0.0,0.0
317,106,Clown,1.0,-1.0,0.0
318,107,Tuna,0.0,0.0,0.0
319,107,Salmon,0.0,0.0,0.0
320,107,Clown,0.0,0.0,0.0
321,108,Tuna,0.0,-1.0,1.0
322,108,Salmon,0.0,0.0,0.0
323,108,Clown,0.0,0.0,0.0
324,109,Tuna,0.0,0.0,0.0
325,109,Salmon,0.0,0.0,0.0
326,109,Clown,0.0,0.0,0.0
327,110,Tuna,0.0,0.0,0.0
328,110,Salmon,2.0,-2.0,0.0
329,110,Clown,1.0,-1.0,0.0
330,111,Tuna,0.0,0.0,0.0
331,111,Salmon,0.0,-1.0,1.0
332,111,Clown,0.0,-1.0,1.0
333,112,Tuna,0.0,0.0,0.0
334,112,Salmon,0.0,0.0,0.0
335,112,Clown,0.0,0.0,0.0
336,113,Tuna,0.0,0.0,0.0
337,113,Salmon,0.0,0.0,0.0
338,113,Clown,0.0,0.0,0.0
339,114,Tuna,1.0,-3.0,2.0
340,114,Salmon,0.0,0.0,0.0
341,114,Clown,0.0,0.0,0.0
342,115,Tuna,-1.0,1.0,0.0
343,115,Salmon,0.0,0.0,0.0
344,115,Clown,0.0,0.0,0.0
345,116,Tuna,0.0,0.0,0.0
346,116,Salmon,0.0,0.0,0.0
347,116,Clown,1.0,-1.0,0.0
348,117,Tuna,0.0,0.0,0.0
349,117,Salmon,-2.0,1.0,1.0
350,117,Clown,1.0,-1.0,0.0
351,118,Tuna,0.0,0.0,0.0
352,118,Salmon,1.0,-1.0,0.0
353,118,Clown,0.0,0.0,0.0
354,119,Tuna,0.0,0.0,0.0
355,119,Salmon,0.0,0.0,0.0
356,119,Clown,0.0,0.0,0.0
357,120,Tuna,0.0,1.0,-1.0
358,120,Salmon,0.0,0.0,0.0
359,120,Clown,0.0,0.0,0.0
360,121,Tuna,0.0,0.0,0.0
361,121,Salmon,0.0,0.0,0.0
362,121,Clown,0.0,0.0,0.0
363,122,Tuna,0.0,0.0,0.0
364,122,Salmon,0.0,0.0,0.0
365,122,Clown,1.0,-1.0,0.0
366,123,Tuna,0.0,0.0,0.0
367,123,Salmon,1.0,-1.0,0.0
368,123,Clown,0.0,0.0,0.0
369,124,Tuna,0.0,0.0,0.0
370,124,Salmon,2.0,-2.0,0.0
371,124,Clown,0.0,0.0,0.0
372,125,Tuna,0.0,0.0,0.0
373,125,Salmon,0.0,0.0,0.0
374,125,Clown,0.0,0.0,0.0
375,126,Tuna,0.0,0.0,0.0
376,126,Salmon,1.0,-1.0,0.0
377,126,Clown,1.0,-1.0,0.0
378,127,Tuna,0.0,1.0,-1.0
379,127,Salmon,0.0,0.0,0.0
380,127,Clown,0.0,0.0,0.0
381,128,Tuna,0.0,0.0,0.0
382,128,Salmon,2.0,-2.0,0.0
383,128,Clown,0.0,0.0,0.0
384,129,Tuna,1.0,-1.0,0.0
385,129,Salmon,0.0,0.0,0.0
386,129,Clown,1.0,-1.0,0.0
387,130,Tuna,0.0,0.0,0.0
388,130,Salmon,1.0,-1.0,0.0
389,130,Clown,0.0,0.0,0.0
390,131,Tuna,0.0,0.0,0.0
391,131,Salmon,0.0,0.0,0.0
392,131,Clown,0.0,0.0,0.0
393,132,Tuna,0.0,0.0,0.0
394,132,Salmon,1.0,-3.0,2.0
395,132,Clown,0.0,0.0,0.0
396,133,Tuna,0.0,1.0,-1.0
397,133,Salmon,0.0,0.0,0.0
398,133,Clown,0.0,0.0,0.0
399,134,Tuna,0.0,0.0,0.0
400,134,Salmon,0.0,0.0,0.0
401,134,Clown,0.0,0.0,0.0
402,135,Tuna,0.0,0.0,0.0
403,135,Salmon,0.0,0.0,0.0
404,135,Clown,0.0,0.0,0.0
405,136,Tuna,0.0,0.0,0.0
406,136,Salmon,1.0,-1.0,0.0
407,136,Clown,0.0,0.0,0.0
408,137,Tuna,0.0,1.0,-1.0
409,137,Salmon,0.0,0.0,0.0
410,137,Clown,0.0,0.0,0.0
411,138,Tuna,0.0,0.0,0.0
412,138,Salmon,1.0,-1.0,0.0
413,138,Clown,0.0,0.0,0.0
414,139,Tuna,0.0,0.0,0.0
415,139,Salmon,-1.0,1.0,0.0
416,139,Clown,0.0,0.0,0.0
417,140,Tuna,0.0,0.0,0.0
418,140,Salmon,-1.0,1.0,0.0
419,140,Clown,0.0,0.0,0.0
420,141,Tuna,0.0,0.0,0.0
421,141,Salmon,0.0,0.0,0.0
422,141,Clown,0.0,0.0,0.0
423,142,Tuna,0.0,0.0,0.0
424,142,Salmon,0.0,0.0,0.0
425,142,Clown,0.0,0.0,0.0
426,143,Tuna,0.0,0.0,0.0
427,143,Salmon,0.0,0.0,0.0
428,143,Clown,1.0,-1.0,0.0
429,144,Tuna,0.0,0.0,0.0
430,144,Salmon,-1.0,1.0,0.0
431,144,Clown,0.0,0.0,0.0
432,145,Tuna,0.0,0.0,0.0
433,145,Salmon,0.0,0.0,0.0
434,145,Clown,0.0,0.0,0.0
435,146,Tuna,0.0,0.0,0.0
436,146,Salmon,-1.0,0.0,1.0
437,146,Clown,0.0,0.0,0.0
438,147,Tuna,0.0,0.0,0.0
439,147,Salmon,0.0,0.0,0.0
440,147,Clown,0.0,0.0,0.0
441,148,Tuna,0.0,0.0,0.0
442,148,Salmon,0.0,0.0,0.0
443,148,Clown,0.0,0.0,0.0
444,149,Tuna,0.0,0.0,0.0
445,149,Salmon,0.0,0.0,0.0
446,149,Clown,0.0,0.0,0.0
447,150,Tuna,0.0,0.0,0.0
448,150,Salmon,1.0,-2.0,1.0
449,150,Clown,0.0,1.0,-1.0
450,151,Tuna,0.0,0.0,0.0
451,151,Salmon,0.0,1.0,-1.0
452,151,Clown,0.0,0.0,0.0
453,152,Tuna,-1.0,1.0,0.0
454,152,Salmon,1.0,-1.0,0.0
455,152,Clown,0.0,0.0,0.0
456,153,Tuna,0.0,0.0,0.0
457,153,Salmon,0.0,0.0,0.0
458,153,Clown,0.0,0.0,0.0
459,154,Tuna,0.0,0.0,0.0
460,154,Salmon,0.0,0.0,0.0
461,154,Clown,0.0,0.0,0.0
462,155,Tuna,0.0,0.0,0.0
463,155,Salmon,0.0,1.0,-1.0
464,155,Clown,0.0,0.0,0.0
465,156,Tuna,0.0,0.0,0.0
466,156,Salmon,2.0,-2.0,0.0
467,156,Clown,0.0,0.0,0.0
468,157,Tuna,0.0,0.0,0.0
469,157,Salmon,0.0,0.0,0.0
470,157,Clown,0.0,0.0,0.0
471,158,Tuna,0.0,0.0,0.0
472,158,Salmon,0.0,0.0,0.0
473,158,Clown,0.0,0.0,0.0
474,159,Tuna,0.0,0.0,0.0
475,159,Salmon,0.0,-1.0,1.0
476,159,Clown,-1.0,1.0,0.0
477,160,Tuna,0.0,0.0,0.0
478,160,Salmon,0.0,1.0,-1.0
479,160,Clown,0.0,0.0,0.0
480,161,Tuna,0.0,0.0,0.0
481,161,Salmon,1.0,-1.0,0.0
482,161,Clown,-1.0,1.0,0.0
483,162,Tuna,0.0,0.0,0.0
484,162,Salmon,0.0,0.0,0.0
485,162,Clown,0.0,0.0,0.0
486,163,Tuna,-1.0,1.0,0.0
487,163,Salmon,1.0,-1.0,0.0
488,163,Clown,0.0,0.0,0.0
489,164,Tuna,0.0,0.0,0.0
490,164,Salmon,0.0,0.0,0.0
491,164,Clown,0.0,0.0,0.0
492,165,Tuna,0.0,0.0,0.0
493,165,Salmon,0.0,0.0,0.0
494,165,Clown,0.0,0.0,0.0
495,166,Tuna,0.0,0.0,0.0
496,166,Salmon,0.0,-1.0,1.0
497,166,Clown,0.0,0.0,0.0
498,167,Tuna,0.0,0.0,0.0
499,167,Salmon,0.0,0.0,0.0
500,167,Clown,0.0,0.0,0.0
501,168,Tuna,0.0,0.0,0.0
502,168,Salmon,2.0,-2.0,0.0
503,168,Clown,0.0,0.0,0.0
504,169,Tuna,0.0,0.0,0.0
505,169,Salmon,-1.0,0.0,1.0
506,169,Clown,0.0,0.0,0.0
507,170,Tuna,0.0,0.0,0.0
508,170,Salmon,0.0,0.0,0.0
509,170,Clown,0.0,0.0,0.0
510,171,Tuna,0.0,0.0,0.0
511,171,Salmon,0.0,0.0,0.0
512,171,Clown,0.0,0.0,0.0
513,172,Tuna,0.0,0.0,0.0
514,172,Salmon,0.0,-1.0,1.0
515,172,Clown,0.0,0.0,0.0
516,173,Tuna,-1.0,1.0,0.0
517,173,Salmon,0.0,1.0,-1.0
518,173,Clown,0.0,0.0,0.0
519,174,Tuna,0.0,0.0,0.0
520,174,Salmon,0.0,-1.0,1.0
521,174,Clown,0.0,0.0,0.0
522,175,Tuna,0.0,0.0,0.0
523,175,Salmon,1.0,-1.0,0.0
524,175,Clown,1.0,-1.0,0.0
525,176,Tuna,-1.0,1.0,0.0
526,176,Salmon,0.0,0.0,0.0
527,176,Clown,0.0,0.0,0.0
528,177,Tuna,1.0,-1.0,0.0
529,177,Salmon,1.0,-1.0,0.0
530,177,Clown,1.0,-1.0,0.0
531,178,Tuna,0.0,0.0,0.0
532,178,Salmon,0.0,1.0,-1.0
533,178,Clown,0.0,0.0,0.0
534,179,Tuna,0.0,0.0,0.0
535,179,Salmon,0.0,0.0,0.0
536,179,Clown,1.0,-1.0,0.0
537,180,Tuna,-1.0,1.0,0.0
538,180,Salmon,2.0,-1.0,-1.0
539,180,Clown,0.0,0.0,0.0
540,181,Tuna,0.0,0.0,0.0
541,181,Salmon,1.0,-1.0,0.0
542,181,Clown,0.0,0.0,0.0
543,182,Tuna,-1.0,1.0,0.0
544,182,Salmon,0.0,0.0,0.0
545,182,Clown,0.0,0.0,0.0
546,183,Tuna,0.0,1.0,-1.0
547,183,Salmon,0.0,0.0,0.0
548,183,Clown,0.0,0.0,0.0
549,184,Tuna,1.0,-1.0,0.0
550,184,Salmon,1.0,-1.0,0.0
551,184,Clown,0.0,0.0,0.0
552,185,Tuna,1.0,-2.0,1.0
553,185,Salmon,1.0,-1.0,0.0
554,185,Clown,0.0,0.0,0.0
555,186,Tuna,0.0,0.0,0.0
556,186,Salmon,0.0,0.0,0.0
557,186,Clown,0.0,0.0,0.0
558,187,Tuna,0.0,0.0,0.0
559,187,Salmon,0.0,0.0,0.0
560,187,Clown,0.0,0.0,0.0
561,188,Tuna,0.0,-1.0,1.0
562,188,Salmon,1.0,-2.0,1.0
563,188,Clown,0.0,0.0,0.0
564,189,Tuna,0.0,0.0,0.0
565,189,Salmon,0.0,0.0,0.0
566,189,Clown,0.0,0.0,0.0
567,190,Tuna,0.0,-1.0,1.0
568,190,Salmon,0.0,0.0,0.0
569,190,Clown,0.0,0.0,0.0
570,191,Tuna,0.0,-1.0,1.0
571,191,Salmon,-1.0,1.0,0.0
572,191,Clown,0.0,0.0,0.0
573,192,Tuna,0.0,0.0,0.0
574,192,Salmon,0.0,0.0,0.0
575,192,Clown,0.0,0.0,0.0
576,193,Tuna,1.0,-1.0,0.0
577,193,Salmon,0.0,0.0,0.0
578,193,Clown,0.0,0.0,0.0
579,194,Tuna,0.0,0.0,0.0
580,194,Salmon,1.0,-1.0,0.0
581,194,Clown,0.0,0.0,0.0
582,195,Tuna,0.0,0.0,0.0
583,195,Salmon,0.0,0.0,0.0
584,195,Clown,0.0,0.0,0.0
585,196,Tuna,0.0,1.0,-1.0
586,196,Salmon,0.0,-1.0,1.0
587,196,Clown,0.0,0.0,0.0
588,197,Tuna,0.0,0.0,0.0
589,197,Salmon,1.0,-1.0,0.0
590,197,Clown,-1.0,1.0,0.0
591,198,Tuna,0.0,0.0,0.0
592,198,Salmon,0.0,0.0,0.0
593,198,Clown,0.0,0.0,0.0
594,199,Tuna,0.0,0.0,0.0
595,199,Salmon,-1.0,1.0,0.0
596,199,Clown,0.0,0.0,0.0
597,200,Tuna,0.0,0.0,0.0
598,200,Salmon,1.0,-2.0,1.0
599,200,Clown,0.0,0.0,0.0
600,201,Tuna,0.0,-1.0,1.0
601,201,Salmon,0.0,0.0,0.0
602,201,Clown,0.0,0.0,0.0
603,202,Tuna,0.0,1.0,-1.0
604,202,Salmon,-1.0,1.0,0.0
605,202,Clown,0.0,0.0,0.0
606,203,Tuna,0.0,0.0,0.0
607,203,Salmon,-1.0,1.0,0.0
608,203,Clown,-1.0,1.0,0.0
609,204,Tuna,0.0,0.0,0.0
610,204,Salmon,0.0,0.0,0.0
611,204,Clown,0.0,0.0,0.0
612,205,Tuna,0.0,0.0,0.0
613,205,Salmon,0.0,0.0,0.0
614,205,Clown,0.0,0.0,0.0
615,206,Tuna,0.0,0.0,0.0
616,206,Salmon,0.0,1.0,-1.0
617,206,Clown,0.0,0.0,0.0
618,207,Tuna,0.0,-1.0,1.0
619,207,Salmon,1.0,-2.0,1.0
620,207,Clown,0.0,0.0,0.0
621,208,Tuna,0.0,0.0,0.0
622,208,Salmon,1.0,-1.0,0.0
623,208,Clown,1.0,-1.0,0.0
624,209,Tuna,0.0,0.0,0.0
625,209,Salmon,-1.0,1.0,0.0
626,209,Clown,0.0,0.0,0.0
627,210,Tuna,0.0,0.0,0.0
628,210,Salmon,-1.0,1.0,0.0
629,210,Clown,1.0,-1.0,0.0
630,211,Tuna,0.0,0.0,0.0
631,211,Salmon,0.0,0.0,0.0
632,211,Clown,0.0,0.0,0.0
633,212,Tuna,0.0,0.0,0.0
634,212,Salmon,0.0,0.0,0.0
635,212,Clown,0.0,0.0,0.0
636,213,Tuna,0.0,0.0,0.0
637,213,Salmon,0.0,0.0,0.0
638,213,Clown,0.0,0.0,0.0
639,214,Tuna,0.0,0.0,0.0
640,214,Salmon,-2.0,0.0,2.0
641,214,Clown,0.0,0.0,0.0
642,215,Tuna,0.0,0.0,0.0
643,215,Salmon,0.0,0.0,0.0
644,215,Clown,0.0,0.0,0.0
645,216,Tuna,0.0,0.0,0.0
646,216,Salmon,-1.0,1.0,0.0
647,216,Clown,0.0,0.0,0.0
648,217,Tuna,0.0,-1.0,1.0
649,217,Salmon,0.0,-1.0,1.0
650,217,Clown,0.0,0.0,0.0
651,218,Tuna,0.0,0.0,0.0
652,218,Salmon,1.0,-1.0,0.0
653,218,Clown,0.0,0.0,0.0
654,219,Tuna,0.0,0.0,0.0
655,219,Salmon,0.0,0.0,0.0
656,219,Clown,0.0,0.0,0.0
657,220,Tuna,0.0,0.0,0.0
658,220,Salmon,0.0,0.0,0.0
659,220,Clown,0.0,0.0,0.0
660,221,Tuna,0.0,0.0,0.0
661,221,Salmon,-1.0,2.0,-1.0
662,221,Clown,0.0,0.0,0.0
663,222,Tuna,0.0,0.0,0.0
664,222,Salmon,1.0,-1.0,0.0
665,222,Clown,0.0,0.0,0.0
666,223,Tuna,0.0,0.0,0.0
667,223,Salmon,0.0,0.0,0.0
668,223,Clown,0.0,0.0,0.0
669,224,Tuna,0.0,1.0,-1.0
670,224,Salmon,2.0,-1.0,-1.0
671,224,Clown,0.0,0.0,0.0
672,225,Tuna,0.0,0.0,0.0
673,225,Salmon,-1.0,1.0,0.0
674,225,Clown,0.0,0.0,0.0
675,226,Tuna,0.0,0.0,0.0
676,226,Salmon,0.0,-1.0,1.0
677,226,Clown,0.0,0.0,0.0
678,227,Tuna,0.0,0.0,0.0
679,227,Salmon,2.0,-2.0,0.0
680,227,Clown,0.0,0.0,0.0
681,228,Tuna,0.0,0.0,0.0
682,228,Salmon,0.0,-1.0,1.0
683,228,Clown,1.0,-1.0,0.0
684,229,Tuna,0.0,0.0,0.0
685,229,Salmon,0.0,0.0,0.0
686,229,Clown,0.0,0.0,0.0
687,230,Tuna,0.0,0.0,0.0
688,230,Salmon,1.0,-1.0,0.0
689,230,Clown,0.0,0.0,0.0
690,231,Tuna,0.0,0.0,0.0
691,231,Salmon,-1.0,2.0,-1.0
692,231,Clown,0.0,0.0,0.0
693,232,Tuna,0.0,0.0,0.0
694,232,Salmon,1.0,-2.0,1.0
695,232,Clown,0.0,0.0,0.0
696,233,Tuna,0.0,0.0,0.0
697,233,Salmon,-1.0,2.0,-1.0
698,233,Clown,0.0,0.0,0.0
699,234,Tuna,0.0,0.0,0.0
700,234,Salmon,1.0,-1.0,0.0
701,234,Clown,0.0,0.0,0.0
702,235,Tuna,0.0,0.0,0.0
703,235,Salmon,0.0,0.0,0.0
704,235,Clown,0.0,0.0,0.0
705,236,Tuna,0.0,0.0,0.0
706,236,Salmon,2.0,-2.0,0.0
707,236,Clown,0.0,0.0,0.0
708,237,Tuna,0.0,0.0,0.0
709,237,Salmon,0.0,0.0,0.0
710,237,Clown,0.0,0.0,0.0
711,238,Tuna,0.0,0.0,0.0
712,238,Salmon,0.0,-1.0,1.0
713,238,Clown,0.0,0.0,0.0
714,239,Tuna,0.0,0.0,0.0
715,239,Salmon,0.0,0.0,0.0
716,239,Clown,0.0,0.0,0.0
717,240,Tuna,0.0,0.0,0.0
718,240,Salmon,0.0,0.0,0.0
719,240,Clown,0.0,0.0,0.0
720,241,Tuna,0.0,0.0,0.0
721,241,Salmon,0.0,0.0,0.0
722,241,Clown,0.0,0.0,0.0
723,242,Tuna,-1.0,1.0,0.0
724,242,Salmon,0.0,0.0,0.0
725,242,Clown,0.0,-1.0,1.0
726,243,Tuna,0.0,0.0,0.0
727,243,Salmon,0.0,0.0,0.0
728,243,Clown,0.0,-1.0,1.0
729,244,Tuna,0.0,0.0,0.0
730,244,Salmon,1.0,-1.0,0.0
731,244,Clown,-1.0,1.0,0.0
732,245,Tuna,0.0,0.0,0.0
733,245,Salmon,1.0,-2.0,1.0
734,245,Clown,0.0,0.0,0.0
735,246,Tuna,0.0,0.0,0.0
736,246,Salmon,0.0,0.0,0.0
737,246,Clown,0.0,0.0,0.0
738,247,Tuna,1.0,-1.0,0.0
739,247,Salmon,-1.0,1.0,0.0
740,247,Clown,0.0,0.0,0.0
741,248,Tuna,0.0,0.0,0.0
742,248,Salmon,0.0,0.0,0.0
743,248,Clown,0.0,1.0,-1.0
744,249,Tuna,0.0,0.0,0.0
745,249,Salmon,1.0,-2.0,1.0
746,249,Clown,0.0,0.0,0.0
747,250,Tuna,0.0,0.0,0.0
748,250,Salmon,0.0,0.0,0.0
749,250,Clown,0.0,0.0,0.0
750,251,Tuna,0.0,0.0,0.0
751,251,Salmon,-1.0,1.0,0.0
752,251,Clown,0.0,0.0,0.0
753,252,Tuna,1.0,-1.0,0.0
754,252,Salmon,1.0,-1.0,0.0
755,252,Clown,0.0,0.0,0.0
756,253,Tuna,0.0,0.0,0.0
757,253,Salmon,0.0,1.0,-1.0
758,253,Clown,0.0,0.0,0.0
759,254,Tuna,0.0,0.0,0.0
760,254,Salmon,1.0,-1.0,0.0
761,254,Clown,0.0,0.0,0.0
762,255,Tuna,0.0,1.0,-1.0
763,255,Salmon,2.0,-2.0,0.0
764,255,Clown,0.0,0.0,0.0
765,256,Tuna,0.0,0.0,0.0
766,256,Salmon,2.0,-3.0,1.0
767,256,Clown,0.0,0.0,0.0
768,257,Tuna,0.0,0.0,0.0
769,257,Salmon,0.0,0.0,0.0
770,257,Clown,0.0,0.0,0.0
771,258,Tuna,0.0,0.0,0.0
772,258,Salmon,0.0,0.0,0.0
773,258,Clown,-1.0,1.0,0.0
774,259,Tuna,0.0,0.0,0.0
775,259,Salmon,0.0,0.0,0.0
776,259,Clown,0.0,0.0,0.0
777,260,Tuna,0.0,0.0,0.0
778,260,Salmon,0.0,0.0,0.0
779,260,Clown,0.0,0.0,0.0
780,261,Tuna,0.0,1.0,-1.0
781,261,Salmon,-1.0,1.0,0.0
782,261,Clown,0.0,0.0,0.0
783,262,Tuna,0.0,1.0,-1.0
784,262,Salmon,0.0,0.0,0.0
785,262,Clown,0.0,0.0,0.0
786,263,Tuna,0.0,0.0,0.0
787,263,Salmon,1.0,-1.0,0.0
788,263,Clown,-1.0,1.0,0.0
789,264,Tuna,0.0,1.0,-1.0
790,264,Salmon,1.0,-1.0,0.0
791,264,Clown,0.0,0.0,0.0
792,265,Tuna,0.0,0.0,0.0
793,265,Salmon,0.0,0.0,0.0
794,265,Clown,0.0,0.0,0.0
795,266,Tuna,1.0,-1.0,0.0
796,266,Salmon,1.0,-2.0,1.0
797,266,Clown,0.0,0.0,0.0
798,267,Tuna,0.0,0.0,0.0
799,267,Salmon,0.0,0.0,0.0
800,267,Clown,0.0,0.0,0.0
801,268,Tuna,0.0,0.0,0.0
802,268,Salmon,0.0,0.0,0.0
803,268,Clown,0.0,0.0,0.0
804,269,Tuna,1.0,-1.0,0.0
805,269,Salmon,1.0,-1.0,0.0
806,269,Clown,0.0,0.0,0.0
807,270,Tuna,0.0,0.0,0.0
808,270,Salmon,-1.0,1.0,0.0
809,270,Clown,0.0,0.0,0.0
810,271,Tuna,0.0,0.0,0.0
811,271,Salmon,0.0,0.0,0.0
812,271,Clown,0.0,0.0,0.0
813,272,Tuna,0.0,0.0,0.0
814,272,Salmon,0.0,-1.0,1.0
815,272,Clown,0.0,0.0,0.0
816,273,Tuna,0.0,0.0,0.0
817,273,Salmon,0.0,0.0,0.0
818,273,Clown,0.0,0.0,0.0
819,274,Tuna,1.0,1.0,-2.0
820,274,Salmon,1.0,-1.0,0.0
821,274,Clown,0.0,1.0,-1.0
822,275,Tuna,0.0,0.0,0.0
823,275,Salmon,0.0,0.0,0.0
824,275,Clown,0.0,-1.0,1.0
825,276,Tuna,0.0,0.0,0.0
826,276,Salmon,0.0,0.0,0.0
827,276,Clown,0.0,0.0,0.0
828,277,Tuna,0.0,1.0,-1.0
829,277,Salmon,0.0,0.0,0.0
830,277,Clown,0.0,0.0,0.0
831,278,Tuna,0.0,0.0,0.0
832,278,Salmon,1.0,-1.0,0.0
833,278,Clown,0.0,0.0,0.0
834,279,Tuna,-1.0,1.0,0.0
835,279,Salmon,0.0,0.0,0.0
836,279,Clown,0.0,0.0,0.0
837,280,Tuna,0.0,0.0,0.0
838,280,Salmon,0.0,-1.0,1.0
839,280,Clown,0.0,0.0,0.0
840,281,Tuna,0.0,0.0,0.0
841,281,Salmon,1.0,-1.0,0.0
842,281,Clown,1.0,-2.0,1.0
843,282,Tuna,0.0,-1.0,1.0
844,282,Salmon,-1.0,1.0,0.0
845,282,Clown,0.0,0.0,0.0
846,283,Tuna,0.0,0.0,0.0
847,283,Salmon,0.0,0.0,0.0
848,283,Clown,0.0,1.0,-1.0
849,284,Tuna,0.0,1.0,-1.0
850,284,Salmon,0.0,0.0,0.0
851,284,Clown,0.0,0.0,0.0
852,285,Tuna,0.0,0.0,0.0
853,285,Salmon,0.0,-1.0,1.0
854,285,Clown,0.0,0.0,0.0
855,286,Tuna,0.0,2.0,-2.0
856,286,Salmon,0.0,0.0,0.0
857,286,Clown,0.0,0.0,0.0
858,287,Tuna,1.0,-1.0,0.0
859,287,Salmon,0.0,0.0,0.0
860,287,Clown,0.0,0.0,0.0
861,288,Tuna,0.0,0.0,0.0
862,288,Salmon,2.0,-2.0,0.0
863,288,Clown,1.0,-1.0,0.0
864,289,Tuna,0.0,0.0,0.0
865,289,Salmon,1.0,-1.0,0.0
866,289,Clown,0.0,0.0,0.0
867,290,Tuna,0.0,0.0,0.0
868,290,Salmon,0.0,0.0,0.0
869,290,Clown,0.0,0.0,0.0
870,291,Tuna,0.0,0.0,0.0
871,291,Salmon,0.0,0.0,0.0
872,291,Clown,0.0,0.0,0.0
873,292,Tuna,0.0,0.0,0.0
874,292,Salmon,0.0,-1.0,1.0
875,292,Clown,0.0,-1.0,1.0
876,293,Tuna,1.0,-1.0,0.0
877,293,Salmon,1.0,-1.0,0.0
878,293,Clown,0.0,0.0,0.0
879,294,Tuna,0.0,1.0,-1.0
880,294,Salmon,1.0,-1.0,0.0
881,294,Clown,0.0,0.0,0.0
882,295,Tuna,-1.0,1.0,0.0
883,295,Salmon,0.0,0.0,0.0
884,295,Clown,0.0,0.0,0.0
885,296,Tuna,0.0,0.0,0.0
886,296,Salmon,-1.0,1.0,0.0
887,296,Clown,0.0,0.0,0.0
888,297,Tuna,0.0,0.0,0.0
889,297,Salmon,0.0,0.0,0.0
890,297,Clown,0.0,0.0,0.0
891,298,Tuna,0.0,0.0,0.0
892,298,Salmon,0.0,0.0,0.0
893,298,Clown,0.0,0.0,0.0
894,299,Tuna,0.0,1.0,-1.0
895,299,Salmon,0.0,0.0,0.0
896,299,Clown,0.0,0.0,0.0
897,300,Tuna,-1.0,2.0,-1.0
898,300,Salmon,0.0,0.0,0.0
899,300,Clown,0.0,0.0,0.0
900,301,Tuna,0.0,0.0,0.0
901,301,Salmon,0.0,1.0,-1.0
902,301,Clown,0.0,0.0,0.0
903,302,Tuna,1.0,-1.0,0.0
904,302,Salmon,0.0,-1.0,1.0
905,302,Clown,1.0,-1.0,0.0
906,303,Tuna,1.0,-1.0,0.0
907,303,Salmon,0.0,0.0,0.0
908,303,Clown,0.0,0.0,0.0
909,304,Tuna,0.0,0.0,0.0
910,304,Salmon,1.0,-1.0,0.0
911,304,Clown,1.0,-1.0,0.0
912,305,Tuna,0.0,-1.0,1.0
913,305,Salmon,0.0,0.0,0.0
914,305,Clown,1.0,-1.0,0.0
915,306,Tuna,0.0,0.0,0.0
916,306,Salmon,-1.0,1.0,0.0
917,306,Clown,1.0,-1.0,0.0
918,307,Tuna,0.0,0.0,0.0
919,307,Salmon,0.0,0.0,0.0
920,307,Clown,0.0,0.0,0.0
921,308,Tuna,0.0,0.0,0.0
922,308,Salmon,0.0,0.0,0.0
923,308,Clown,0.0,0.0,0.0
924,309,Tuna,0.0,1.0,-1.0
925,309,Salmon,-1.0,1.0,0.0
926,309,Clown,0.0,1.0,-1.0
927,310,Tuna,0.0,0.0,0.0
928,310,Salmon,0.0,0.0,0.0
929,310,Clown,1.0,-1.0,0.0
930,311,Tuna,0.0,0.0,0.0
931,311,Salmon,0.0,-1.0,1.0
932,311,Clown,-1.0,1.0,0.0
933,312,Tuna,0.0,0.0,0.0
934,312,Salmon,0.0,1.0,-1.0
935,312,Clown,1.0,-1.0,0.0
936,313,Tuna,-1.0,1.0,0.0
937,313,Salmon,0.0,0.0,0.0
938,313,Clown,0.0,0.0,0.0
939,314,Tuna,0.0,0.0,0.0
940,314,Salmon,0.0,0.0,0.0
941,314,Clown,0.0,0.0,0.0
942,315,Tuna,1.0,-1.0,0.0
943,315,Salmon,0.0,0.0,0.0
944,315,Clown,0.0,0.0,0.0
945,316,Tuna,0.0,0.0,0.0
946,316,Salmon,1.0,-1.0,0.0
947,316,Clown,0.0,0.0,0.0
948,317,Tuna,0.0,0.0,0.0
949,317,Salmon,1.0,-1.0,0.0
950,317,Clown,0.0,0.0,0.0
951,318,Tuna,0.0,0.0,0.0
952,318,Salmon,1.0,-1.0,0.0
953,318,Clown,0.0,0.0,0.0
954,319,Tuna,0.0,0.0,0.0
955,319,Salmon,0.0,0.0,0.0
956,319,Clown,0.0,0.0,0.0
957,320,Tuna,0.0,0.0,0.0
958,320,Salmon,0.0,0.0,0.0
959,320,Clown,0.0,0.0,0.0
960,321,Tuna,0.0,-1.0,1.0
961,321,Salmon,0.0,0.0,0.0
962,321,Clown,0.0,0.0,0.0
963,322,Tuna,-1.0,1.0,0.0
964,322,Salmon,0.0,0.0,0.0
965,322,Clown,0.0,0.0,0.0
966,323,Tuna,0.0,0.0,0.0
967,323,Salmon,-1.0,1.0,0.0
968,323,Clown,0.0,0.0,0.0
969,324,Tuna,0.0,0.0,0.0
970,324,Salmon,0.0,1.0,-1.0
971,324,Clown,0.0,0.0,0.0
972,325,Tuna,0.0,1.0,-1.0
973,325,Salmon,0.0,0.0,0.0
974,325,Clown,0.0,0.0,0.0
975,326,Tuna,0.0,0.0,0.0
976,326,Salmon,1.0,-1.0,0.0
977,326,Clown,0.0,0.0,0.0
978,327,Tuna,0.0,-1.0,1.0
979,327,Salmon,-1.0,1.0,0.0
980,327,Clown,0.0,0.0,0.0
981,328,Tuna,0.0,0.0,0.0
982,328,Salmon,0.0,-1.0,1.0
983,328,Clown,0.0,0.0,0.0
984,329,Tuna,1.0,0.0,-1.0
985,329,Salmon,1.0,-1.0,0.0
986,329,Clown,0.0,0.0,0.0
987,330,Tuna,0.0,-1.0,1.0
988,330,Salmon,0.0,0.0,0.0
989,330,Clown,0.0,0.0,0.0
990,331,Tuna,1.0,-1.0,0.0
991,331,Salmon,0.0,0.0,0.0
992,331,Clown,0.0,0.0,0.0
993,332,Tuna,0.0,0.0,0.0
994,332,Salmon,1.0,-1.0,0.0
995,332,Clown,0.0,0.0,0.0
996,333,Tuna,0.0,0.0,0.0
997,333,Salmon,1.0,-1.0,0.0
998,333,Clown,0.0,0.0,0.0
999,334,Tuna,0.0,0.0,0.0
1000,334,Salmon,0.0,0.0,0.0
1001,334,Clown,0.0,0.0,0.0
1002,335,Tuna,0.0,0.0,0.0
1003,335,Salmon,0.0,0.0,0.0
1004,335,Clown,0.0,0.0,0.0
1005,336,Tuna,0.0,0.0,0.0
1006,336,Salmon,0.0,-2.0,2.0
1007,336,Clown,-1.0,1.0,0.0
1008,337,Tuna,0.0,-1.0,1.0
1009,337,Salmon,0.0,0.0,0.0
1010,337,Clown,1.0,-1.0,0.0
1011,338,Tuna,0.0,0.0,0.0
1012,338,Salmon,0.0,0.0,0.0
1013,338,Clown,0.0,0.0,0.0
1014,339,Tuna,0.0,0.0,0.0
1015,339,Salmon,0.0,-1.0,1.0
1016,339,Clown,0.0,0.0,0.0
1017,340,Tuna,0.0,0.0,0.0
1018,340,Salmon,-1.0,1.0,0.0
1019,340,Clown,0.0,0.0,0.0
1020,341,Tuna,0.0,-1.0,1.0
1021,341,Salmon,1.0,0.0,-1.0
1022,341,Clown,0.0,0.0,0.0
1023,342,Tuna,0.0,0.0,0.0
1024,342,Salmon,0.0,0.0,0.0
1025,342,Clown,0.0,0.0,0.0
1026,343,Tuna,1.0,-1.0,0.0
1027,343,Salmon,0.0,0.0,0.0
1028,343,Clown,0.0,0.0,0.0
1029,344,Tuna,0.0,0.0,0.0
1030,344,Salmon,-1.0,1.0,0.0
1031,344,Clown,0.0,0.0,0.0
1032,345,Tuna,1.0,-1.0,0.0
1033,345,Salmon,-1.0,1.0,0.0
1034,345,Clown,0.0,0.0,0.0
1035,346,Tuna,0.0,0.0,0.0
1036,346,Salmon,1.0,-1.0,0.0
1037,346,Clown,0.0,0.0,0.0
1038,347,Tuna,1.0,-1.0,0.0
1039,347,Salmon,1.0,1.0,-2.0
1040,347,Clown,1.0,-1.0,0.0
1041,348,Tuna,0.0,0.0,0.0
1042,348,Salmon,0.0,0.0,0.0
1043,348,Clown,0.0,0.0,0.0
1044,349,Tuna,0.0,0.0,0.0
1045,349,Salmon,0.0,0.0,0.0
1046,349,Clown,0.0,0.0,0.0
1047,350,Tuna,0.0,0.0,0.0
1048,350,Salmon,0.0,0.0,0.0
1049,350,Clown,0.0,0.0,0.0
1050,351,Tuna,0.0,0.0,0.0
1051,351,Salmon,-1.0,1.0,0.0
1052,351,Clown,0.0,0.0,0.0
1053,352,Tuna,0.0,0.0,0.0
1054,352,Salmon,0.0,0.0,0.0
1055,352,Clown,0.0,0.0,0.0
1056,353,Tuna,0.0,0.0,0.0
1057,353,Salmon,0.0,0.0,0.0
1058,353,Clown,0.0,0.0,0.0
1059,354,Tuna,0.0,1.0,-1.0
1060,354,Salmon,0.0,1.0,-1.0
1061,354,Clown,0.0,0.0,0.0
1062,355,Tuna,0.0,0.0,0.0
1063,355,Salmon,0.0,0.0,0.0
1064,355,Clown,0.0,0.0,0.0
1065,356,Tuna,0.0,1.0,-1.0
1066,356,Salmon,1.0,-1.0,0.0
1067,356,Clown,0.0,0.0,0.0
1068,357,Tuna,0.0,0.0,0.0
1069,357,Salmon,0.0,0.0,0.0
1070,357,Clown,0.0,0.0,0.0
1071,358,Tuna,0.0,0.0,0.0
1072,358,Salmon,1.0,-1.0,0.0
1073,358,Clown,0.0,0.0,0.0
1074,359,Tuna,0.0,0.0,0.0
1075,359,Salmon,0.0,0.0,0.0
1076,359,Clown,0.0,0.0,0.0
1077,360,Tuna,0.0,-1.0,1.0
1078,360,Salmon,0.0,0.0,0.0
1079,360,Clown,-1.0,1.0,0.0
1080,361,Tuna,0.0,0.0,0.0
1081,361,Salmon,-1.0,2.0,-1.0
1082,361,Clown,0.0,0.0,0.0
1083,362,Tuna,0.0,-1.0,1.0
1084,362,Salmon,0.0,0.0,0.0
1085,362,Clown,0.0,0.0,0.0
1086,363,Tuna,0.0,0.0,0.0
1087,363,Salmon,0.0,-1.0,1.0
1088,363,Clown,0.0,0.0,0.0
1089,364,Tuna,0.0,0.0,0.0
1090,364,Salmon,0.0,0.0,0.0
1091,364,Clown,0.0,0.0,0.0
1092,365,Tuna,0.0,0.0,0.0
1093,365,Salmon,0.0,0.0,0.0
1094,365,Clown,0.0,0.0,0.0
1095,366,Tuna,0.0,0.0,0.0
1096,366,Salmon,0.0,0.0,0.0
1097,366,Clown,0.0,0.0,0.0
1098,367,Tuna,0.0,0.0,0.0
1099,367,Salmon,0.0,0.0,0.0
1100,367,Clown,0.0,0.0,0.0
1101,368,Tuna,0.0,0.0,0.0
1102,368,Salmon,1.0,-1.0,0.0
1103,368,Clown,0.0,0.0,0.0
1104,369,Tuna,-1.0,2.0,-1.0
1105,369,Salmon,-1.0,1.0,0.0
1106,369,Clown,0.0,0.0,0.0
1107,370,Tuna,0.0,0.0,0.0
1108,370,Salmon,0.0,0.0,0.0
1109,370,Clown,0.0,0.0,0.0
1110,371,Tuna,-1.0,1.0,0.0
1111,371,Salmon,0.0,0.0,0.0
1112,371,Clown,0.0,0.0,0.0
1113,372,Tuna,0.0,-1.0,1.0
1114,372,Salmon,0.0,-1.0,1.0
1115,372,Clown,1.0,-1.0,0.0
1116,373,Tuna,0.0,0.0,0.0
1117,373,Salmon,0.0,0.0,0.0
1118,373,Clown,0.0,0.0,0.0
1119,374,Tuna,0.0,0.0,0.0
1120,374,Salmon,0.0,0.0,0.0
1121,374,Clown,0.0,0.0,0.0
1122,375,Tuna,-1.0,1.0,0.0
1123,375,Salmon,0.0,0.0,0.0
1124,375,Clown,0.0,-1.0,1.0
1125,376,Tuna,0.0,0.0,0.0
1126,376,Salmon,-1.0,1.0,0.0
1127,376,Clown,0.0,0.0,0.0
1128,377,Tuna,0.0,-1.0,1.0
1129,377,Salmon,-1.0,1.0,0.0
1130,377,Clown,0.0,0.0,0.0
1131,378,Tuna,0.0,0.0,0.0
1132,378,Salmon,0.0,0.0,0.0
1133,378,Clown,0.0,0.0,0.0
1134,379,Tuna,1.0,-1.0,0.0
1135,379,Salmon,0.0,1.0,-1.0
1136,379,Clown,-1.0,1.0,0.0
1137,380,Tuna,0.0,0.0,0.0
1138,380,Salmon,0.0,0.0,0.0
1139,380,Clown,0.0,0.0,0.0
1140,381,Tuna,0.0,0.0,0.0
1141,381,Salmon,0.0,0.0,0.0
1142,381,Clown,0.0,0.0,0.0
1143,382,Tuna,0.0,0.0,0.0
1144,382,Salmon,-1.0,1.0,0.0
1145,382,Clown,0.0,0.0,0.0
1146,383,Tuna,1.0,-1.0,0.0
1147,383,Salmon,1.0,-1.0,0.0
1148,383,Clown,0.0,0.0,0.0
1149,384,Tuna,0.0,0.0,0.0
1150,384,Salmon,0.0,0.0,0.0
1151,384,Clown,1.0,-1.0,0.0
1152,385,Tuna,0.0,0.0,0.0
1153,385,Salmon,-1.0,1.0,0.0
1154,385,Clown,1.0,-1.0,0.0
1155,386,Tuna,0.0,0.0,0.0
1156,386,Salmon,0.0,-1.0,1.0
1157,386,Clown,0.0,0.0,0.0
1158,387,Tuna,1.0,-1.0,0.0
1159,387,Salmon,0.0,0.0,0.0
1160,387,Clown,0.0,0.0,0.0
1161,388,Tuna,0.0,-1.0,1.0
1162,388,Salmon,-1.0,1.0,0.0
1163,388,Clown,0.0,0.0,0.0
1164,389,Tuna,0.0,0.0,0.0
1165,389,Salmon,0.0,0.0,0.0
1166,389,Clown,0.0,0.0,0.0
1167,390,Tuna,-1.0,1.0,0.0
1168,390,Salmon,1.0,-2.0,1.0
1169,390,Clown,0.0,0.0,0.0
1170,391,Tuna,0.0,1.0,-1.0
1171,391,Salmon,-1.0,1.0,0.0
1172,391,Clown,0.0,0.0,0.0
1173,392,Tuna,0.0,0.0,0.0
1174,392,Salmon,-1.0,1.0,0.0
1175,392,Clown,0.0,0.0,0.0